%YAML:1.0
---
M: !!opencv-matrix
   rows: 3
   cols: 3
   dt: d
   data: [ 1.2045173795381450e+03, 0., 9.3606290880125891e+02, 0.,
       1.2054716926769793e+03, 5.4838794753450145e+02, 0., 0., 1. ]
D: !!opencv-matrix
   rows: 5
   cols: 1
   dt: d
   data: [ -3.4571111680382122e-01, 1.5981702959464913e-01,
       6.3987465789665026e-04, -2.0356148208271343e-04,
       -4.1887188957886519e-02 ]
reprojection_error: 5.8460520260175519e-01
width: 1920
height: 1080
distortion_model: plumb_bob
calibration_time: "2026-03-03 11:26:08"
