%YAML:1.0
---
M: !!opencv-matrix
   rows: 3
   cols: 3
   dt: d
   data: [ 1.2064264269187156e+03, 0., 1.3273308674888483e+03, 0.,
       1.2070953620651587e+03, 7.7974116060087226e+02, 0., 0., 1. ]
D: !!opencv-matrix
   rows: 4
   cols: 1
   dt: d
   data: [ -2.2234349620539613e-02, -2.2453554589743501e-02,
       2.1255530774027996e-02, -9.1324647773713026e-03 ]
reprojection_error: 3.1469124804998805e-01
width: 2704
height: 1540
distortion_model: fisheye
calibration_time: "2026-03-19 12:26:12"
